127
12
1 2 3 1 2 4 5 6 7 8 9 11 1 2 3 1 2 4 5 6 7 8 10 11 1 2 3 1 2 4 5 7 6 8 9 11 1 2 3 1 2 4 5 7 6 8 10 11 1 2 3 1 2 4 7 5 6 8 9 11 1 2 3 1 2 4 7 5 6 8 10 11 1 2 4 5 6 7 8 9 11 1 2 4 5 6 7 8 10 11 1 2 4 5 7 6 8 9 11 1 2 4 5 7 6 8 10 11 1 2 4 7 5 6 8 9 11 1 2 4 7 5 6 8 10 11 0 

A B C A B D E F G H I ; A B C A B D E F G H J ; A B C A B D E G F H I ; A B C A B D E G F H J ; A B C A B D G E F H I ; A B C A B D G E F H J ; A B D E F G H I ; A B D E F G H J ; A B D E G F H I ; A B D E G F H J ; A B D G E F H I ; A B D G E F H J ; $ 

P    :   0,   1,   2,   3,   4,   5,   6,   7,   8,   9,  10,  11,  12,  13,  14,  15,  16,  17,  18,  19,  20,  21,  22,  23,  24,  25,  26,  27,  28,  29,  30,  31,  32,  33,  34,  35,  36,  37,  38,  39,  40,  41,  42,  43,  44,  45,  46,  47,  48,  49,  50,  51,  52,  53,  54,  55,  56,  57,  58,  59,  60,  61,  62,  63,  64,  65,  66,  67,  68,  69,  70,  71,  72,  73,  74,  75,  76,  77,  78,  79,  80,  81,  82,  83,  84,  85,  86,  87,  88,  89,  90,  91,  92,  93,  94,  95,  96,  97,  98,  99, 100, 101, 102, 103, 104, 105, 106, 107, 108, 109, 110, 111, 112, 113, 114, 115, 116, 117, 118, 119, 120, 121, 122, 123, 124, 125, 126, 
--------------------------------------------------------------------------------
T    :   1,   2,   3,   1,   2,   4,   5,   6,   7,   8,   9,  11,   1,   2,   3,   1,   2,   4,   5,   6,   7,   8,  10,  11,   1,   2,   3,   1,   2,   4,   5,   7,   6,   8,   9,  11,   1,   2,   3,   1,   2,   4,   5,   7,   6,   8,  10,  11,   1,   2,   3,   1,   2,   4,   7,   5,   6,   8,   9,  11,   1,   2,   3,   1,   2,   4,   7,   5,   6,   8,  10,  11,   1,   2,   4,   5,   6,   7,   8,   9,  11,   1,   2,   4,   5,   6,   7,   8,  10,  11,   1,   2,   4,   5,   7,   6,   8,   9,  11,   1,   2,   4,   5,   7,   6,   8,  10,  11,   1,   2,   4,   7,   5,   6,   8,   9,  11,   1,   2,   4,   7,   5,   6,   8,  10,  11,   0, 

SA   : 126,   0,  12,  24,  36,  48,  60,   3,  72,  15,  81,  27,  90,  39,  99,  51, 108, 117,  63,   1,  13,  25,  37,  49,  61,   4,  73,  16,  82,  28,  91,  40, 100,  52, 109, 118,  64,   2,  14,  26,  38,  50,  62,   5,  74,  17,  83,  29,  92,  41, 101,  53, 110, 119,  65,   6,  75,  18,  84,  55, 112, 121,  67,  30,  93,  42, 102,   7,  76,  19,  85,  32,  56,  95, 113, 122,  44,  68, 104,  54, 111, 120,  66,  31,  94,  43, 103,   8,  77,  20,  86,   9,  33,  57,  78,  96, 114, 123,  21,  45,  69,  87, 105,  10,  34,  58,  79,  97, 115, 124,  22,  46,  70,  88, 106, 125,  11,  23,  35,  47,  59,  71,  80,  89,  98, 107, 116, 

BWT  :  11,   0,  11,  11,  11,  11,  11,   3,  11,   3,  11,   3,  11,   3,  11,   3,  11,  11,   3,   1,   1,   1,   1,   1,   1,   1,   1,   1,   1,   1,   1,   1,   1,   1,   1,   1,   1,   2,   2,   2,   2,   2,   2,   2,   2,   2,   2,   2,   2,   2,   2,   2,   2,   2,   2,   4,   4,   4,   4,   7,   7,   7,   7,   4,   4,   4,   4,   5,   5,   5,   5,   7,   5,   7,   5,   5,   7,   5,   7,   4,   4,   4,   4,   5,   5,   5,   5,   6,   6,   6,   6,   7,   6,   6,   7,   6,   6,   6,   7,   6,   6,   7,   6,   8,   8,   8,   8,   8,   8,   8,   8,   8,   8,   8,   8,  10,   9,  10,   9,  10,   9,  10,   9,  10,   9,  10,   9, 

$ : 0
; : 11
A : 1
B : 2
C : 3
D : 4
E : 5
F : 6
G : 7
H : 8
I : 9
J : 10

SA:
[   0]  126 :   0
[   1]    0 :   1  2  3  1  2  4  5  6  7  8  9 11  1  2  3  1  2  4  5  6  7  8 10 11  1  2  3  1  2  4  5  7  6  8  9 11  1  2  3  1  2  4  5  7  6  8 10 11  1  2  3  1  2  4  7  5  6  8  9 11  1  2  3  1  2  4  7  5  6  8 10 11  1  2  4  5  6  7  8  9 11  1  2  4  5  6  7  8 10 11  1  2  4  5  7  6  8  9 11  1  2  4  5  7  6  8 10 11  1  2  4  7  5  6  8  9 11  1  2  4  7  5  6  8 10 11  0
[   2]   12 :   1  2  3  1  2  4  5  6  7  8 10 11  1  2  3  1  2  4  5  7  6  8  9 11  1  2  3  1  2  4  5  7  6  8 10 11  1  2  3  1  2  4  7  5  6  8  9 11  1  2  3  1  2  4  7  5  6  8 10 11  1  2  4  5  6  7  8  9 11  1  2  4  5  6  7  8 10 11  1  2  4  5  7  6  8  9 11  1  2  4  5  7  6  8 10 11  1  2  4  7  5  6  8  9 11  1  2  4  7  5  6  8 10 11  0
[   3]   24 :   1  2  3  1  2  4  5  7  6  8  9 11  1  2  3  1  2  4  5  7  6  8 10 11  1  2  3  1  2  4  7  5  6  8  9 11  1  2  3  1  2  4  7  5  6  8 10 11  1  2  4  5  6  7  8  9 11  1  2  4  5  6  7  8 10 11  1  2  4  5  7  6  8  9 11  1  2  4  5  7  6  8 10 11  1  2  4  7  5  6  8  9 11  1  2  4  7  5  6  8 10 11  0
[   4]   36 :   1  2  3  1  2  4  5  7  6  8 10 11  1  2  3  1  2  4  7  5  6  8  9 11  1  2  3  1  2  4  7  5  6  8 10 11  1  2  4  5  6  7  8  9 11  1  2  4  5  6  7  8 10 11  1  2  4  5  7  6  8  9 11  1  2  4  5  7  6  8 10 11  1  2  4  7  5  6  8  9 11  1  2  4  7  5  6  8 10 11  0
[   5]   48 :   1  2  3  1  2  4  7  5  6  8  9 11  1  2  3  1  2  4  7  5  6  8 10 11  1  2  4  5  6  7  8  9 11  1  2  4  5  6  7  8 10 11  1  2  4  5  7  6  8  9 11  1  2  4  5  7  6  8 10 11  1  2  4  7  5  6  8  9 11  1  2  4  7  5  6  8 10 11  0
[   6]   60 :   1  2  3  1  2  4  7  5  6  8 10 11  1  2  4  5  6  7  8  9 11  1  2  4  5  6  7  8 10 11  1  2  4  5  7  6  8  9 11  1  2  4  5  7  6  8 10 11  1  2  4  7  5  6  8  9 11  1  2  4  7  5  6  8 10 11  0
[   7]    3 :   1  2  4  5  6  7  8  9 11  1  2  3  1  2  4  5  6  7  8 10 11  1  2  3  1  2  4  5  7  6  8  9 11  1  2  3  1  2  4  5  7  6  8 10 11  1  2  3  1  2  4  7  5  6  8  9 11  1  2  3  1  2  4  7  5  6  8 10 11  1  2  4  5  6  7  8  9 11  1  2  4  5  6  7  8 10 11  1  2  4  5  7  6  8  9 11  1  2  4  5  7  6  8 10 11  1  2  4  7  5  6  8  9 11  1  2  4  7  5  6  8 10 11  0
[   8]   72 :   1  2  4  5  6  7  8  9 11  1  2  4  5  6  7  8 10 11  1  2  4  5  7  6  8  9 11  1  2  4  5  7  6  8 10 11  1  2  4  7  5  6  8  9 11  1  2  4  7  5  6  8 10 11  0
[   9]   15 :   1  2  4  5  6  7  8 10 11  1  2  3  1  2  4  5  7  6  8  9 11  1  2  3  1  2  4  5  7  6  8 10 11  1  2  3  1  2  4  7  5  6  8  9 11  1  2  3  1  2  4  7  5  6  8 10 11  1  2  4  5  6  7  8  9 11  1  2  4  5  6  7  8 10 11  1  2  4  5  7  6  8  9 11  1  2  4  5  7  6  8 10 11  1  2  4  7  5  6  8  9 11  1  2  4  7  5  6  8 10 11  0
[  10]   81 :   1  2  4  5  6  7  8 10 11  1  2  4  5  7  6  8  9 11  1  2  4  5  7  6  8 10 11  1  2  4  7  5  6  8  9 11  1  2  4  7  5  6  8 10 11  0
[  11]   27 :   1  2  4  5  7  6  8  9 11  1  2  3  1  2  4  5  7  6  8 10 11  1  2  3  1  2  4  7  5  6  8  9 11  1  2  3  1  2  4  7  5  6  8 10 11  1  2  4  5  6  7  8  9 11  1  2  4  5  6  7  8 10 11  1  2  4  5  7  6  8  9 11  1  2  4  5  7  6  8 10 11  1  2  4  7  5  6  8  9 11  1  2  4  7  5  6  8 10 11  0
[  12]   90 :   1  2  4  5  7  6  8  9 11  1  2  4  5  7  6  8 10 11  1  2  4  7  5  6  8  9 11  1  2  4  7  5  6  8 10 11  0
[  13]   39 :   1  2  4  5  7  6  8 10 11  1  2  3  1  2  4  7  5  6  8  9 11  1  2  3  1  2  4  7  5  6  8 10 11  1  2  4  5  6  7  8  9 11  1  2  4  5  6  7  8 10 11  1  2  4  5  7  6  8  9 11  1  2  4  5  7  6  8 10 11  1  2  4  7  5  6  8  9 11  1  2  4  7  5  6  8 10 11  0
[  14]   99 :   1  2  4  5  7  6  8 10 11  1  2  4  7  5  6  8  9 11  1  2  4  7  5  6  8 10 11  0
[  15]   51 :   1  2  4  7  5  6  8  9 11  1  2  3  1  2  4  7  5  6  8 10 11  1  2  4  5  6  7  8  9 11  1  2  4  5  6  7  8 10 11  1  2  4  5  7  6  8  9 11  1  2  4  5  7  6  8 10 11  1  2  4  7  5  6  8  9 11  1  2  4  7  5  6  8 10 11  0
[  16]  108 :   1  2  4  7  5  6  8  9 11  1  2  4  7  5  6  8 10 11  0
[  17]  117 :   1  2  4  7  5  6  8 10 11  0
[  18]   63 :   1  2  4  7  5  6  8 10 11  1  2  4  5  6  7  8  9 11  1  2  4  5  6  7  8 10 11  1  2  4  5  7  6  8  9 11  1  2  4  5  7  6  8 10 11  1  2  4  7  5  6  8  9 11  1  2  4  7  5  6  8 10 11  0
[  19]    1 :   2  3  1  2  4  5  6  7  8  9 11  1  2  3  1  2  4  5  6  7  8 10 11  1  2  3  1  2  4  5  7  6  8  9 11  1  2  3  1  2  4  5  7  6  8 10 11  1  2  3  1  2  4  7  5  6  8  9 11  1  2  3  1  2  4  7  5  6  8 10 11  1  2  4  5  6  7  8  9 11  1  2  4  5  6  7  8 10 11  1  2  4  5  7  6  8  9 11  1  2  4  5  7  6  8 10 11  1  2  4  7  5  6  8  9 11  1  2  4  7  5  6  8 10 11  0
[  20]   13 :   2  3  1  2  4  5  6  7  8 10 11  1  2  3  1  2  4  5  7  6  8  9 11  1  2  3  1  2  4  5  7  6  8 10 11  1  2  3  1  2  4  7  5  6  8  9 11  1  2  3  1  2  4  7  5  6  8 10 11  1  2  4  5  6  7  8  9 11  1  2  4  5  6  7  8 10 11  1  2  4  5  7  6  8  9 11  1  2  4  5  7  6  8 10 11  1  2  4  7  5  6  8  9 11  1  2  4  7  5  6  8 10 11  0
[  21]   25 :   2  3  1  2  4  5  7  6  8  9 11  1  2  3  1  2  4  5  7  6  8 10 11  1  2  3  1  2  4  7  5  6  8  9 11  1  2  3  1  2  4  7  5  6  8 10 11  1  2  4  5  6  7  8  9 11  1  2  4  5  6  7  8 10 11  1  2  4  5  7  6  8  9 11  1  2  4  5  7  6  8 10 11  1  2  4  7  5  6  8  9 11  1  2  4  7  5  6  8 10 11  0
[  22]   37 :   2  3  1  2  4  5  7  6  8 10 11  1  2  3  1  2  4  7  5  6  8  9 11  1  2  3  1  2  4  7  5  6  8 10 11  1  2  4  5  6  7  8  9 11  1  2  4  5  6  7  8 10 11  1  2  4  5  7  6  8  9 11  1  2  4  5  7  6  8 10 11  1  2  4  7  5  6  8  9 11  1  2  4  7  5  6  8 10 11  0
[  23]   49 :   2  3  1  2  4  7  5  6  8  9 11  1  2  3  1  2  4  7  5  6  8 10 11  1  2  4  5  6  7  8  9 11  1  2  4  5  6  7  8 10 11  1  2  4  5  7  6  8  9 11  1  2  4  5  7  6  8 10 11  1  2  4  7  5  6  8  9 11  1  2  4  7  5  6  8 10 11  0
[  24]   61 :   2  3  1  2  4  7  5  6  8 10 11  1  2  4  5  6  7  8  9 11  1  2  4  5  6  7  8 10 11  1  2  4  5  7  6  8  9 11  1  2  4  5  7  6  8 10 11  1  2  4  7  5  6  8  9 11  1  2  4  7  5  6  8 10 11  0
[  25]    4 :   2  4  5  6  7  8  9 11  1  2  3  1  2  4  5  6  7  8 10 11  1  2  3  1  2  4  5  7  6  8  9 11  1  2  3  1  2  4  5  7  6  8 10 11  1  2  3  1  2  4  7  5  6  8  9 11  1  2  3  1  2  4  7  5  6  8 10 11  1  2  4  5  6  7  8  9 11  1  2  4  5  6  7  8 10 11  1  2  4  5  7  6  8  9 11  1  2  4  5  7  6  8 10 11  1  2  4  7  5  6  8  9 11  1  2  4  7  5  6  8 10 11  0
[  26]   73 :   2  4  5  6  7  8  9 11  1  2  4  5  6  7  8 10 11  1  2  4  5  7  6  8  9 11  1  2  4  5  7  6  8 10 11  1  2  4  7  5  6  8  9 11  1  2  4  7  5  6  8 10 11  0
[  27]   16 :   2  4  5  6  7  8 10 11  1  2  3  1  2  4  5  7  6  8  9 11  1  2  3  1  2  4  5  7  6  8 10 11  1  2  3  1  2  4  7  5  6  8  9 11  1  2  3  1  2  4  7  5  6  8 10 11  1  2  4  5  6  7  8  9 11  1  2  4  5  6  7  8 10 11  1  2  4  5  7  6  8  9 11  1  2  4  5  7  6  8 10 11  1  2  4  7  5  6  8  9 11  1  2  4  7  5  6  8 10 11  0
[  28]   82 :   2  4  5  6  7  8 10 11  1  2  4  5  7  6  8  9 11  1  2  4  5  7  6  8 10 11  1  2  4  7  5  6  8  9 11  1  2  4  7  5  6  8 10 11  0
[  29]   28 :   2  4  5  7  6  8  9 11  1  2  3  1  2  4  5  7  6  8 10 11  1  2  3  1  2  4  7  5  6  8  9 11  1  2  3  1  2  4  7  5  6  8 10 11  1  2  4  5  6  7  8  9 11  1  2  4  5  6  7  8 10 11  1  2  4  5  7  6  8  9 11  1  2  4  5  7  6  8 10 11  1  2  4  7  5  6  8  9 11  1  2  4  7  5  6  8 10 11  0
[  30]   91 :   2  4  5  7  6  8  9 11  1  2  4  5  7  6  8 10 11  1  2  4  7  5  6  8  9 11  1  2  4  7  5  6  8 10 11  0
[  31]   40 :   2  4  5  7  6  8 10 11  1  2  3  1  2  4  7  5  6  8  9 11  1  2  3  1  2  4  7  5  6  8 10 11  1  2  4  5  6  7  8  9 11  1  2  4  5  6  7  8 10 11  1  2  4  5  7  6  8  9 11  1  2  4  5  7  6  8 10 11  1  2  4  7  5  6  8  9 11  1  2  4  7  5  6  8 10 11  0
[  32]  100 :   2  4  5  7  6  8 10 11  1  2  4  7  5  6  8  9 11  1  2  4  7  5  6  8 10 11  0
[  33]   52 :   2  4  7  5  6  8  9 11  1  2  3  1  2  4  7  5  6  8 10 11  1  2  4  5  6  7  8  9 11  1  2  4  5  6  7  8 10 11  1  2  4  5  7  6  8  9 11  1  2  4  5  7  6  8 10 11  1  2  4  7  5  6  8  9 11  1  2  4  7  5  6  8 10 11  0
[  34]  109 :   2  4  7  5  6  8  9 11  1  2  4  7  5  6  8 10 11  0
[  35]  118 :   2  4  7  5  6  8 10 11  0
[  36]   64 :   2  4  7  5  6  8 10 11  1  2  4  5  6  7  8  9 11  1  2  4  5  6  7  8 10 11  1  2  4  5  7  6  8  9 11  1  2  4  5  7  6  8 10 11  1  2  4  7  5  6  8  9 11  1  2  4  7  5  6  8 10 11  0
[  37]    2 :   3  1  2  4  5  6  7  8  9 11  1  2  3  1  2  4  5  6  7  8 10 11  1  2  3  1  2  4  5  7  6  8  9 11  1  2  3  1  2  4  5  7  6  8 10 11  1  2  3  1  2  4  7  5  6  8  9 11  1  2  3  1  2  4  7  5  6  8 10 11  1  2  4  5  6  7  8  9 11  1  2  4  5  6  7  8 10 11  1  2  4  5  7  6  8  9 11  1  2  4  5  7  6  8 10 11  1  2  4  7  5  6  8  9 11  1  2  4  7  5  6  8 10 11  0
[  38]   14 :   3  1  2  4  5  6  7  8 10 11  1  2  3  1  2  4  5  7  6  8  9 11  1  2  3  1  2  4  5  7  6  8 10 11  1  2  3  1  2  4  7  5  6  8  9 11  1  2  3  1  2  4  7  5  6  8 10 11  1  2  4  5  6  7  8  9 11  1  2  4  5  6  7  8 10 11  1  2  4  5  7  6  8  9 11  1  2  4  5  7  6  8 10 11  1  2  4  7  5  6  8  9 11  1  2  4  7  5  6  8 10 11  0
[  39]   26 :   3  1  2  4  5  7  6  8  9 11  1  2  3  1  2  4  5  7  6  8 10 11  1  2  3  1  2  4  7  5  6  8  9 11  1  2  3  1  2  4  7  5  6  8 10 11  1  2  4  5  6  7  8  9 11  1  2  4  5  6  7  8 10 11  1  2  4  5  7  6  8  9 11  1  2  4  5  7  6  8 10 11  1  2  4  7  5  6  8  9 11  1  2  4  7  5  6  8 10 11  0
[  40]   38 :   3  1  2  4  5  7  6  8 10 11  1  2  3  1  2  4  7  5  6  8  9 11  1  2  3  1  2  4  7  5  6  8 10 11  1  2  4  5  6  7  8  9 11  1  2  4  5  6  7  8 10 11  1  2  4  5  7  6  8  9 11  1  2  4  5  7  6  8 10 11  1  2  4  7  5  6  8  9 11  1  2  4  7  5  6  8 10 11  0
[  41]   50 :   3  1  2  4  7  5  6  8  9 11  1  2  3  1  2  4  7  5  6  8 10 11  1  2  4  5  6  7  8  9 11  1  2  4  5  6  7  8 10 11  1  2  4  5  7  6  8  9 11  1  2  4  5  7  6  8 10 11  1  2  4  7  5  6  8  9 11  1  2  4  7  5  6  8 10 11  0
[  42]   62 :   3  1  2  4  7  5  6  8 10 11  1  2  4  5  6  7  8  9 11  1  2  4  5  6  7  8 10 11  1  2  4  5  7  6  8  9 11  1  2  4  5  7  6  8 10 11  1  2  4  7  5  6  8  9 11  1  2  4  7  5  6  8 10 11  0
[  43]    5 :   4  5  6  7  8  9 11  1  2  3  1  2  4  5  6  7  8 10 11  1  2  3  1  2  4  5  7  6  8  9 11  1  2  3  1  2  4  5  7  6  8 10 11  1  2  3  1  2  4  7  5  6  8  9 11  1  2  3  1  2  4  7  5  6  8 10 11  1  2  4  5  6  7  8  9 11  1  2  4  5  6  7  8 10 11  1  2  4  5  7  6  8  9 11  1  2  4  5  7  6  8 10 11  1  2  4  7  5  6  8  9 11  1  2  4  7  5  6  8 10 11  0
[  44]   74 :   4  5  6  7  8  9 11  1  2  4  5  6  7  8 10 11  1  2  4  5  7  6  8  9 11  1  2  4  5  7  6  8 10 11  1  2  4  7  5  6  8  9 11  1  2  4  7  5  6  8 10 11  0
[  45]   17 :   4  5  6  7  8 10 11  1  2  3  1  2  4  5  7  6  8  9 11  1  2  3  1  2  4  5  7  6  8 10 11  1  2  3  1  2  4  7  5  6  8  9 11  1  2  3  1  2  4  7  5  6  8 10 11  1  2  4  5  6  7  8  9 11  1  2  4  5  6  7  8 10 11  1  2  4  5  7  6  8  9 11  1  2  4  5  7  6  8 10 11  1  2  4  7  5  6  8  9 11  1  2  4  7  5  6  8 10 11  0
[  46]   83 :   4  5  6  7  8 10 11  1  2  4  5  7  6  8  9 11  1  2  4  5  7  6  8 10 11  1  2  4  7  5  6  8  9 11  1  2  4  7  5  6  8 10 11  0
[  47]   29 :   4  5  7  6  8  9 11  1  2  3  1  2  4  5  7  6  8 10 11  1  2  3  1  2  4  7  5  6  8  9 11  1  2  3  1  2  4  7  5  6  8 10 11  1  2  4  5  6  7  8  9 11  1  2  4  5  6  7  8 10 11  1  2  4  5  7  6  8  9 11  1  2  4  5  7  6  8 10 11  1  2  4  7  5  6  8  9 11  1  2  4  7  5  6  8 10 11  0
[  48]   92 :   4  5  7  6  8  9 11  1  2  4  5  7  6  8 10 11  1  2  4  7  5  6  8  9 11  1  2  4  7  5  6  8 10 11  0
[  49]   41 :   4  5  7  6  8 10 11  1  2  3  1  2  4  7  5  6  8  9 11  1  2  3  1  2  4  7  5  6  8 10 11  1  2  4  5  6  7  8  9 11  1  2  4  5  6  7  8 10 11  1  2  4  5  7  6  8  9 11  1  2  4  5  7  6  8 10 11  1  2  4  7  5  6  8  9 11  1  2  4  7  5  6  8 10 11  0
[  50]  101 :   4  5  7  6  8 10 11  1  2  4  7  5  6  8  9 11  1  2  4  7  5  6  8 10 11  0
[  51]   53 :   4  7  5  6  8  9 11  1  2  3  1  2  4  7  5  6  8 10 11  1  2  4  5  6  7  8  9 11  1  2  4  5  6  7  8 10 11  1  2  4  5  7  6  8  9 11  1  2  4  5  7  6  8 10 11  1  2  4  7  5  6  8  9 11  1  2  4  7  5  6  8 10 11  0
[  52]  110 :   4  7  5  6  8  9 11  1  2  4  7  5  6  8 10 11  0
[  53]  119 :   4  7  5  6  8 10 11  0
[  54]   65 :   4  7  5  6  8 10 11  1  2  4  5  6  7  8  9 11  1  2  4  5  6  7  8 10 11  1  2  4  5  7  6  8  9 11  1  2  4  5  7  6  8 10 11  1  2  4  7  5  6  8  9 11  1  2  4  7  5  6  8 10 11  0
[  55]    6 :   5  6  7  8  9 11  1  2  3  1  2  4  5  6  7  8 10 11  1  2  3  1  2  4  5  7  6  8  9 11  1  2  3  1  2  4  5  7  6  8 10 11  1  2  3  1  2  4  7  5  6  8  9 11  1  2  3  1  2  4  7  5  6  8 10 11  1  2  4  5  6  7  8  9 11  1  2  4  5  6  7  8 10 11  1  2  4  5  7  6  8  9 11  1  2  4  5  7  6  8 10 11  1  2  4  7  5  6  8  9 11  1  2  4  7  5  6  8 10 11  0
[  56]   75 :   5  6  7  8  9 11  1  2  4  5  6  7  8 10 11  1  2  4  5  7  6  8  9 11  1  2  4  5  7  6  8 10 11  1  2  4  7  5  6  8  9 11  1  2  4  7  5  6  8 10 11  0
[  57]   18 :   5  6  7  8 10 11  1  2  3  1  2  4  5  7  6  8  9 11  1  2  3  1  2  4  5  7  6  8 10 11  1  2  3  1  2  4  7  5  6  8  9 11  1  2  3  1  2  4  7  5  6  8 10 11  1  2  4  5  6  7  8  9 11  1  2  4  5  6  7  8 10 11  1  2  4  5  7  6  8  9 11  1  2  4  5  7  6  8 10 11  1  2  4  7  5  6  8  9 11  1  2  4  7  5  6  8 10 11  0
[  58]   84 :   5  6  7  8 10 11  1  2  4  5  7  6  8  9 11  1  2  4  5  7  6  8 10 11  1  2  4  7  5  6  8  9 11  1  2  4  7  5  6  8 10 11  0
[  59]   55 :   5  6  8  9 11  1  2  3  1  2  4  7  5  6  8 10 11  1  2  4  5  6  7  8  9 11  1  2  4  5  6  7  8 10 11  1  2  4  5  7  6  8  9 11  1  2  4  5  7  6  8 10 11  1  2  4  7  5  6  8  9 11  1  2  4  7  5  6  8 10 11  0
[  60]  112 :   5  6  8  9 11  1  2  4  7  5  6  8 10 11  0
[  61]  121 :   5  6  8 10 11  0
[  62]   67 :   5  6  8 10 11  1  2  4  5  6  7  8  9 11  1  2  4  5  6  7  8 10 11  1  2  4  5  7  6  8  9 11  1  2  4  5  7  6  8 10 11  1  2  4  7  5  6  8  9 11  1  2  4  7  5  6  8 10 11  0
[  63]   30 :   5  7  6  8  9 11  1  2  3  1  2  4  5  7  6  8 10 11  1  2  3  1  2  4  7  5  6  8  9 11  1  2  3  1  2  4  7  5  6  8 10 11  1  2  4  5  6  7  8  9 11  1  2  4  5  6  7  8 10 11  1  2  4  5  7  6  8  9 11  1  2  4  5  7  6  8 10 11  1  2  4  7  5  6  8  9 11  1  2  4  7  5  6  8 10 11  0
[  64]   93 :   5  7  6  8  9 11  1  2  4  5  7  6  8 10 11  1  2  4  7  5  6  8  9 11  1  2  4  7  5  6  8 10 11  0
[  65]   42 :   5  7  6  8 10 11  1  2  3  1  2  4  7  5  6  8  9 11  1  2  3  1  2  4  7  5  6  8 10 11  1  2  4  5  6  7  8  9 11  1  2  4  5  6  7  8 10 11  1  2  4  5  7  6  8  9 11  1  2  4  5  7  6  8 10 11  1  2  4  7  5  6  8  9 11  1  2  4  7  5  6  8 10 11  0
[  66]  102 :   5  7  6  8 10 11  1  2  4  7  5  6  8  9 11  1  2  4  7  5  6  8 10 11  0
[  67]    7 :   6  7  8  9 11  1  2  3  1  2  4  5  6  7  8 10 11  1  2  3  1  2  4  5  7  6  8  9 11  1  2  3  1  2  4  5  7  6  8 10 11  1  2  3  1  2  4  7  5  6  8  9 11  1  2  3  1  2  4  7  5  6  8 10 11  1  2  4  5  6  7  8  9 11  1  2  4  5  6  7  8 10 11  1  2  4  5  7  6  8  9 11  1  2  4  5  7  6  8 10 11  1  2  4  7  5  6  8  9 11  1  2  4  7  5  6  8 10 11  0
[  68]   76 :   6  7  8  9 11  1  2  4  5  6  7  8 10 11  1  2  4  5  7  6  8  9 11  1  2  4  5  7  6  8 10 11  1  2  4  7  5  6  8  9 11  1  2  4  7  5  6  8 10 11  0
[  69]   19 :   6  7  8 10 11  1  2  3  1  2  4  5  7  6  8  9 11  1  2  3  1  2  4  5  7  6  8 10 11  1  2  3  1  2  4  7  5  6  8  9 11  1  2  3  1  2  4  7  5  6  8 10 11  1  2  4  5  6  7  8  9 11  1  2  4  5  6  7  8 10 11  1  2  4  5  7  6  8  9 11  1  2  4  5  7  6  8 10 11  1  2  4  7  5  6  8  9 11  1  2  4  7  5  6  8 10 11  0
[  70]   85 :   6  7  8 10 11  1  2  4  5  7  6  8  9 11  1  2  4  5  7  6  8 10 11  1  2  4  7  5  6  8  9 11  1  2  4  7  5  6  8 10 11  0
[  71]   32 :   6  8  9 11  1  2  3  1  2  4  5  7  6  8 10 11  1  2  3  1  2  4  7  5  6  8  9 11  1  2  3  1  2  4  7  5  6  8 10 11  1  2  4  5  6  7  8  9 11  1  2  4  5  6  7  8 10 11  1  2  4  5  7  6  8  9 11  1  2  4  5  7  6  8 10 11  1  2  4  7  5  6  8  9 11  1  2  4  7  5  6  8 10 11  0
[  72]   56 :   6  8  9 11  1  2  3  1  2  4  7  5  6  8 10 11  1  2  4  5  6  7  8  9 11  1  2  4  5  6  7  8 10 11  1  2  4  5  7  6  8  9 11  1  2  4  5  7  6  8 10 11  1  2  4  7  5  6  8  9 11  1  2  4  7  5  6  8 10 11  0
[  73]   95 :   6  8  9 11  1  2  4  5  7  6  8 10 11  1  2  4  7  5  6  8  9 11  1  2  4  7  5  6  8 10 11  0
[  74]  113 :   6  8  9 11  1  2  4  7  5  6  8 10 11  0
[  75]  122 :   6  8 10 11  0
[  76]   44 :   6  8 10 11  1  2  3  1  2  4  7  5  6  8  9 11  1  2  3  1  2  4  7  5  6  8 10 11  1  2  4  5  6  7  8  9 11  1  2  4  5  6  7  8 10 11  1  2  4  5  7  6  8  9 11  1  2  4  5  7  6  8 10 11  1  2  4  7  5  6  8  9 11  1  2  4  7  5  6  8 10 11  0
[  77]   68 :   6  8 10 11  1  2  4  5  6  7  8  9 11  1  2  4  5  6  7  8 10 11  1  2  4  5  7  6  8  9 11  1  2  4  5  7  6  8 10 11  1  2  4  7  5  6  8  9 11  1  2  4  7  5  6  8 10 11  0
[  78]  104 :   6  8 10 11  1  2  4  7  5  6  8  9 11  1  2  4  7  5  6  8 10 11  0
[  79]   54 :   7  5  6  8  9 11  1  2  3  1  2  4  7  5  6  8 10 11  1  2  4  5  6  7  8  9 11  1  2  4  5  6  7  8 10 11  1  2  4  5  7  6  8  9 11  1  2  4  5  7  6  8 10 11  1  2  4  7  5  6  8  9 11  1  2  4  7  5  6  8 10 11  0
[  80]  111 :   7  5  6  8  9 11  1  2  4  7  5  6  8 10 11  0
[  81]  120 :   7  5  6  8 10 11  0
[  82]   66 :   7  5  6  8 10 11  1  2  4  5  6  7  8  9 11  1  2  4  5  6  7  8 10 11  1  2  4  5  7  6  8  9 11  1  2  4  5  7  6  8 10 11  1  2  4  7  5  6  8  9 11  1  2  4  7  5  6  8 10 11  0
[  83]   31 :   7  6  8  9 11  1  2  3  1  2  4  5  7  6  8 10 11  1  2  3  1  2  4  7  5  6  8  9 11  1  2  3  1  2  4  7  5  6  8 10 11  1  2  4  5  6  7  8  9 11  1  2  4  5  6  7  8 10 11  1  2  4  5  7  6  8  9 11  1  2  4  5  7  6  8 10 11  1  2  4  7  5  6  8  9 11  1  2  4  7  5  6  8 10 11  0
[  84]   94 :   7  6  8  9 11  1  2  4  5  7  6  8 10 11  1  2  4  7  5  6  8  9 11  1  2  4  7  5  6  8 10 11  0
[  85]   43 :   7  6  8 10 11  1  2  3  1  2  4  7  5  6  8  9 11  1  2  3  1  2  4  7  5  6  8 10 11  1  2  4  5  6  7  8  9 11  1  2  4  5  6  7  8 10 11  1  2  4  5  7  6  8  9 11  1  2  4  5  7  6  8 10 11  1  2  4  7  5  6  8  9 11  1  2  4  7  5  6  8 10 11  0
[  86]  103 :   7  6  8 10 11  1  2  4  7  5  6  8  9 11  1  2  4  7  5  6  8 10 11  0
[  87]    8 :   7  8  9 11  1  2  3  1  2  4  5  6  7  8 10 11  1  2  3  1  2  4  5  7  6  8  9 11  1  2  3  1  2  4  5  7  6  8 10 11  1  2  3  1  2  4  7  5  6  8  9 11  1  2  3  1  2  4  7  5  6  8 10 11  1  2  4  5  6  7  8  9 11  1  2  4  5  6  7  8 10 11  1  2  4  5  7  6  8  9 11  1  2  4  5  7  6  8 10 11  1  2  4  7  5  6  8  9 11  1  2  4  7  5  6  8 10 11  0
[  88]   77 :   7  8  9 11  1  2  4  5  6  7  8 10 11  1  2  4  5  7  6  8  9 11  1  2  4  5  7  6  8 10 11  1  2  4  7  5  6  8  9 11  1  2  4  7  5  6  8 10 11  0
[  89]   20 :   7  8 10 11  1  2  3  1  2  4  5  7  6  8  9 11  1  2  3  1  2  4  5  7  6  8 10 11  1  2  3  1  2  4  7  5  6  8  9 11  1  2  3  1  2  4  7  5  6  8 10 11  1  2  4  5  6  7  8  9 11  1  2  4  5  6  7  8 10 11  1  2  4  5  7  6  8  9 11  1  2  4  5  7  6  8 10 11  1  2  4  7  5  6  8  9 11  1  2  4  7  5  6  8 10 11  0
[  90]   86 :   7  8 10 11  1  2  4  5  7  6  8  9 11  1  2  4  5  7  6  8 10 11  1  2  4  7  5  6  8  9 11  1  2  4  7  5  6  8 10 11  0
[  91]    9 :   8  9 11  1  2  3  1  2  4  5  6  7  8 10 11  1  2  3  1  2  4  5  7  6  8  9 11  1  2  3  1  2  4  5  7  6  8 10 11  1  2  3  1  2  4  7  5  6  8  9 11  1  2  3  1  2  4  7  5  6  8 10 11  1  2  4  5  6  7  8  9 11  1  2  4  5  6  7  8 10 11  1  2  4  5  7  6  8  9 11  1  2  4  5  7  6  8 10 11  1  2  4  7  5  6  8  9 11  1  2  4  7  5  6  8 10 11  0
[  92]   33 :   8  9 11  1  2  3  1  2  4  5  7  6  8 10 11  1  2  3  1  2  4  7  5  6  8  9 11  1  2  3  1  2  4  7  5  6  8 10 11  1  2  4  5  6  7  8  9 11  1  2  4  5  6  7  8 10 11  1  2  4  5  7  6  8  9 11  1  2  4  5  7  6  8 10 11  1  2  4  7  5  6  8  9 11  1  2  4  7  5  6  8 10 11  0
[  93]   57 :   8  9 11  1  2  3  1  2  4  7  5  6  8 10 11  1  2  4  5  6  7  8  9 11  1  2  4  5  6  7  8 10 11  1  2  4  5  7  6  8  9 11  1  2  4  5  7  6  8 10 11  1  2  4  7  5  6  8  9 11  1  2  4  7  5  6  8 10 11  0
[  94]   78 :   8  9 11  1  2  4  5  6  7  8 10 11  1  2  4  5  7  6  8  9 11  1  2  4  5  7  6  8 10 11  1  2  4  7  5  6  8  9 11  1  2  4  7  5  6  8 10 11  0
[  95]   96 :   8  9 11  1  2  4  5  7  6  8 10 11  1  2  4  7  5  6  8  9 11  1  2  4  7  5  6  8 10 11  0
[  96]  114 :   8  9 11  1  2  4  7  5  6  8 10 11  0
[  97]  123 :   8 10 11  0
[  98]   21 :   8 10 11  1  2  3  1  2  4  5  7  6  8  9 11  1  2  3  1  2  4  5  7  6  8 10 11  1  2  3  1  2  4  7  5  6  8  9 11  1  2  3  1  2  4  7  5  6  8 10 11  1  2  4  5  6  7  8  9 11  1  2  4  5  6  7  8 10 11  1  2  4  5  7  6  8  9 11  1  2  4  5  7  6  8 10 11  1  2  4  7  5  6  8  9 11  1  2  4  7  5  6  8 10 11  0
[  99]   45 :   8 10 11  1  2  3  1  2  4  7  5  6  8  9 11  1  2  3  1  2  4  7  5  6  8 10 11  1  2  4  5  6  7  8  9 11  1  2  4  5  6  7  8 10 11  1  2  4  5  7  6  8  9 11  1  2  4  5  7  6  8 10 11  1  2  4  7  5  6  8  9 11  1  2  4  7  5  6  8 10 11  0
[ 100]   69 :   8 10 11  1  2  4  5  6  7  8  9 11  1  2  4  5  6  7  8 10 11  1  2  4  5  7  6  8  9 11  1  2  4  5  7  6  8 10 11  1  2  4  7  5  6  8  9 11  1  2  4  7  5  6  8 10 11  0
[ 101]   87 :   8 10 11  1  2  4  5  7  6  8  9 11  1  2  4  5  7  6  8 10 11  1  2  4  7  5  6  8  9 11  1  2  4  7  5  6  8 10 11  0
[ 102]  105 :   8 10 11  1  2  4  7  5  6  8  9 11  1  2  4  7  5  6  8 10 11  0
[ 103]   10 :   9 11  1  2  3  1  2  4  5  6  7  8 10 11  1  2  3  1  2  4  5  7  6  8  9 11  1  2  3  1  2  4  5  7  6  8 10 11  1  2  3  1  2  4  7  5  6  8  9 11  1  2  3  1  2  4  7  5  6  8 10 11  1  2  4  5  6  7  8  9 11  1  2  4  5  6  7  8 10 11  1  2  4  5  7  6  8  9 11  1  2  4  5  7  6  8 10 11  1  2  4  7  5  6  8  9 11  1  2  4  7  5  6  8 10 11  0
[ 104]   34 :   9 11  1  2  3  1  2  4  5  7  6  8 10 11  1  2  3  1  2  4  7  5  6  8  9 11  1  2  3  1  2  4  7  5  6  8 10 11  1  2  4  5  6  7  8  9 11  1  2  4  5  6  7  8 10 11  1  2  4  5  7  6  8  9 11  1  2  4  5  7  6  8 10 11  1  2  4  7  5  6  8  9 11  1  2  4  7  5  6  8 10 11  0
[ 105]   58 :   9 11  1  2  3  1  2  4  7  5  6  8 10 11  1  2  4  5  6  7  8  9 11  1  2  4  5  6  7  8 10 11  1  2  4  5  7  6  8  9 11  1  2  4  5  7  6  8 10 11  1  2  4  7  5  6  8  9 11  1  2  4  7  5  6  8 10 11  0
[ 106]   79 :   9 11  1  2  4  5  6  7  8 10 11  1  2  4  5  7  6  8  9 11  1  2  4  5  7  6  8 10 11  1  2  4  7  5  6  8  9 11  1  2  4  7  5  6  8 10 11  0
[ 107]   97 :   9 11  1  2  4  5  7  6  8 10 11  1  2  4  7  5  6  8  9 11  1  2  4  7  5  6  8 10 11  0
[ 108]  115 :   9 11  1  2  4  7  5  6  8 10 11  0
[ 109]  124 :  10 11  0
[ 110]   22 :  10 11  1  2  3  1  2  4  5  7  6  8  9 11  1  2  3  1  2  4  5  7  6  8 10 11  1  2  3  1  2  4  7  5  6  8  9 11  1  2  3  1  2  4  7  5  6  8 10 11  1  2  4  5  6  7  8  9 11  1  2  4  5  6  7  8 10 11  1  2  4  5  7  6  8  9 11  1  2  4  5  7  6  8 10 11  1  2  4  7  5  6  8  9 11  1  2  4  7  5  6  8 10 11  0
[ 111]   46 :  10 11  1  2  3  1  2  4  7  5  6  8  9 11  1  2  3  1  2  4  7  5  6  8 10 11  1  2  4  5  6  7  8  9 11  1  2  4  5  6  7  8 10 11  1  2  4  5  7  6  8  9 11  1  2  4  5  7  6  8 10 11  1  2  4  7  5  6  8  9 11  1  2  4  7  5  6  8 10 11  0
[ 112]   70 :  10 11  1  2  4  5  6  7  8  9 11  1  2  4  5  6  7  8 10 11  1  2  4  5  7  6  8  9 11  1  2  4  5  7  6  8 10 11  1  2  4  7  5  6  8  9 11  1  2  4  7  5  6  8 10 11  0
[ 113]   88 :  10 11  1  2  4  5  7  6  8  9 11  1  2  4  5  7  6  8 10 11  1  2  4  7  5  6  8  9 11  1  2  4  7  5  6  8 10 11  0
[ 114]  106 :  10 11  1  2  4  7  5  6  8  9 11  1  2  4  7  5  6  8 10 11  0
[ 115]  125 :  11  0
[ 116]   11 :  11  1  2  3  1  2  4  5  6  7  8 10 11  1  2  3  1  2  4  5  7  6  8  9 11  1  2  3  1  2  4  5  7  6  8 10 11  1  2  3  1  2  4  7  5  6  8  9 11  1  2  3  1  2  4  7  5  6  8 10 11  1  2  4  5  6  7  8  9 11  1  2  4  5  6  7  8 10 11  1  2  4  5  7  6  8  9 11  1  2  4  5  7  6  8 10 11  1  2  4  7  5  6  8  9 11  1  2  4  7  5  6  8 10 11  0
[ 117]   23 :  11  1  2  3  1  2  4  5  7  6  8  9 11  1  2  3  1  2  4  5  7  6  8 10 11  1  2  3  1  2  4  7  5  6  8  9 11  1  2  3  1  2  4  7  5  6  8 10 11  1  2  4  5  6  7  8  9 11  1  2  4  5  6  7  8 10 11  1  2  4  5  7  6  8  9 11  1  2  4  5  7  6  8 10 11  1  2  4  7  5  6  8  9 11  1  2  4  7  5  6  8 10 11  0
[ 118]   35 :  11  1  2  3  1  2  4  5  7  6  8 10 11  1  2  3  1  2  4  7  5  6  8  9 11  1  2  3  1  2  4  7  5  6  8 10 11  1  2  4  5  6  7  8  9 11  1  2  4  5  6  7  8 10 11  1  2  4  5  7  6  8  9 11  1  2  4  5  7  6  8 10 11  1  2  4  7  5  6  8  9 11  1  2  4  7  5  6  8 10 11  0
[ 119]   47 :  11  1  2  3  1  2  4  7  5  6  8  9 11  1  2  3  1  2  4  7  5  6  8 10 11  1  2  4  5  6  7  8  9 11  1  2  4  5  6  7  8 10 11  1  2  4  5  7  6  8  9 11  1  2  4  5  7  6  8 10 11  1  2  4  7  5  6  8  9 11  1  2  4  7  5  6  8 10 11  0
[ 120]   59 :  11  1  2  3  1  2  4  7  5  6  8 10 11  1  2  4  5  6  7  8  9 11  1  2  4  5  6  7  8 10 11  1  2  4  5  7  6  8  9 11  1  2  4  5  7  6  8 10 11  1  2  4  7  5  6  8  9 11  1  2  4  7  5  6  8 10 11  0
[ 121]   71 :  11  1  2  4  5  6  7  8  9 11  1  2  4  5  6  7  8 10 11  1  2  4  5  7  6  8  9 11  1  2  4  5  7  6  8 10 11  1  2  4  7  5  6  8  9 11  1  2  4  7  5  6  8 10 11  0
[ 122]   80 :  11  1  2  4  5  6  7  8 10 11  1  2  4  5  7  6  8  9 11  1  2  4  5  7  6  8 10 11  1  2  4  7  5  6  8  9 11  1  2  4  7  5  6  8 10 11  0
[ 123]   89 :  11  1  2  4  5  7  6  8  9 11  1  2  4  5  7  6  8 10 11  1  2  4  7  5  6  8  9 11  1  2  4  7  5  6  8 10 11  0
[ 124]   98 :  11  1  2  4  5  7  6  8 10 11  1  2  4  7  5  6  8  9 11  1  2  4  7  5  6  8 10 11  0
[ 125]  107 :  11  1  2  4  7  5  6  8  9 11  1  2  4  7  5  6  8 10 11  0
[ 126]  116 :  11  1  2  4  7  5  6  8 10 11  0
